{
  "distance_metric": "hky85",
  "labels": [
    "taxon_1",
    "taxon_2",
    "taxon_3",
    "taxon_4",
    "taxon_5",
    "taxon_6",
    "taxon_7",
    "taxon_8"
  ],
  "matrix": [
    [
      0.0,
      0.007043122250588946,
      0.016190134787964727,
      0.014140952493111581,
      0.023382676365236894,
      0.0275181021951814,
      0.025473102029853405,
      0.024421105918205045
    ],
    [
      0.007043122250588946,
      0.0,
      0.017210332408632144,
      0.015159048423426937,
      0.024412346116795505,
      0.027510874190159084,
      0.02650443807733689,
      0.025451856613302133
    ],
    [
      0.016190134787964727,
      0.017210332408632144,
      0.0,
      0.006024128902326977,
      0.019250415853432047,
      0.023364386939103837,
      0.021319385970385317,
      0.020280285264523627
    ],
    [
      0.014140952493111581,
      0.015159048423426937,
      0.006024128902326977,
      0.0,
      0.017197025866589763,
      0.02130040194328471,
      0.019255401133602294,
      0.018222670402914518
    ],
    [
      0.023382676365236894,
      0.024412346116795505,
      0.019250415853432047,
      0.017197025866589763,
      0.0,
      0.0040107890749709095,
      0.01007759881132394,
      0.009057507006949756
    ],
    [
      0.0275181021951814,
      0.027510874190159084,
      0.023364386939103837,
      0.02130040194328471,
      0.0040107890749709095,
      0.0,
      0.014140950987043256,
      0.01311614323028977
    ],
    [
      0.025473102029853405,
      0.02650443807733689,
      0.021319385970385317,
      0.019255401133602294,
      0.01007759881132394,
      0.014140950987043256,
      0.0,
      0.005016825859038595
    ],
    [
      0.024421105918205045,
      0.025451856613302133,
      0.020280285264523627,
      0.018222670402914518,
      0.009057507006949756,
      0.01311614323028977,
      0.005016825859038595,
      0.0
    ]
  ]
}
