{
  "distance_metric": "hky85",
  "labels": [
    "Taxon_1",
    "Taxon_2",
    "Taxon_3",
    "Taxon_4",
    "Taxon_5",
    "Taxon_6",
    "Taxon_7",
    "Taxon_8"
  ],
  "matrix": [
    [
      0.0,
      0.018222726885298832,
      0.018222718433279644,
      0.02233805190080341,
      0.03061998107902342,
      0.024395776024465427,
      0.018222791421327985,
      0.034795471631397776
    ],
    [
      0.018222726885298832,
      0.0,
      0.028537559731535447,
      0.03270864627778447,
      0.04110795292355397,
      0.03479650947613942,
      0.02853771418275907,
      0.0453453650751358
    ],
    [
      0.018222718433279644,
      0.028537559731535447,
      0.0,
      0.014133720523551909,
      0.03479644723760468,
      0.028537667284059227,
      0.026467278903308855,
      0.04322216657530347
    ],
    [
      0.02233805190080341,
      0.03270864627778447,
      0.014133720523551909,
      0.0,
      0.03690617822573075,
      0.030629747460649462,
      0.028559374911983827,
      0.04534984603461075
    ],
    [
      0.03061998107902342,
      0.04110795292355397,
      0.03479644723760468,
      0.03690617822573075,
      0.0,
      0.010072799445289052,
      0.012097099807314259,
      0.028542080310967333
    ],
    [
      0.024395776024465427,
      0.03479650947613942,
      0.028537667284059227,
      0.030629747460649462,
      0.010072799445289052,
      0.0,
      0.006024147424968367,
      0.022334996717973447
    ],
    [
      0.018222791421327985,
      0.02853771418275907,
      0.026467278903308855,
      0.028559374911983827,
      0.012097099807314259,
      0.006024147424968367,
      0.0,
      0.016178852166213727
    ],
    [
      0.034795471631397776,
      0.0453453650751358,
      0.04322216657530347,
      0.04534984603461075,
      0.028542080310967333,
      0.022334996717973447,
      0.016178852166213727,
      0.0
    ]
  ]
}
