{
  "distance_metric": "hamming",
  "labels": [
    "Taxon_1",
    "Taxon_2",
    "Taxon_3",
    "Taxon_4",
    "Taxon_5",
    "Taxon_6",
    "Taxon_7",
    "Taxon_8"
  ],
  "matrix": [
    [
      0,
      7,
      13,
      15,
      15,
      15,
      12,
      19
    ],
    [
      7,
      0,
      14,
      16,
      16,
      16,
      13,
      20
    ],
    [
      13,
      14,
      0,
      10,
      20,
      20,
      17,
      24
    ],
    [
      15,
      16,
      10,
      0,
      22,
      22,
      19,
      26
    ],
    [
      15,
      16,
      20,
      22,
      0,
      3,
      6,
      13
    ],
    [
      15,
      16,
      20,
      22,
      3,
      0,
      5,
      12
    ],
    [
      12,
      13,
      17,
      19,
      6,
      5,
      0,
      7
    ],
    [
      19,
      20,
      24,
      26,
      13,
      12,
      7,
      0
    ]
  ]
}
