{
  "distance_metric": "k80",
  "labels": [
    "Taxon_1",
    "Taxon_2",
    "Taxon_3",
    "Taxon_4",
    "Taxon_5",
    "Taxon_6",
    "Taxon_7",
    "Taxon_8"
  ],
  "matrix": [
    [
      0.0,
      0.014137864107202969,
      0.02646171847770741,
      0.030616495890191373,
      0.030616495890191373,
      0.030629480891757918,
      0.024395591015234044,
      0.039020055048382
    ],
    [
      0.014137864107202969,
      0.0,
      0.028536410251113163,
      0.032704181595431696,
      0.032704181595431696,
      0.032725920021775906,
      0.026470282788639797,
      0.04114320048910756
    ],
    [
      0.02646171847770741,
      0.028536410251113163,
      0.0,
      0.020280280571734154,
      0.04110654914690824,
      0.041124343685570976,
      0.034800620725449684,
      0.04963554059919657
    ],
    [
      0.030616495890191373,
      0.032704181595431696,
      0.020280280571734154,
      0.0,
      0.04534498006820287,
      0.04536746229996548,
      0.03900569644781336,
      0.05392888187938558
    ],
    [
      0.030616495890191373,
      0.032704181595431696,
      0.04110654914690824,
      0.04534498006820287,
      0.0,
      0.0060241287729482,
      0.01210013901913069,
      0.02646279011218575
    ],
    [
      0.030629480891757918,
      0.032725920021775906,
      0.041124343685570976,
      0.04536746229996548,
      0.0060241287729482,
      0.0,
      0.010067607498318136,
      0.02440516532805688
    ],
    [
      0.024395591015234044,
      0.026470282788639797,
      0.034800620725449684,
      0.03900569644781336,
      0.01210013901913069,
      0.010067607498318136,
      0.0,
      0.01414094978222718
    ],
    [
      0.039020055048382,
      0.04114320048910756,
      0.04963554059919657,
      0.05392888187938558,
      0.02646279011218575,
      0.02440516532805688,
      0.01414094978222718,
      0.0
    ]
  ]
}
