,Taxon_1,Taxon_2,Taxon_3,Taxon_4,Taxon_5,Taxon_6,Taxon_7,Taxon_8
Taxon_1,0,7,13,15,15,15,12,19
Taxon_2,7,0,14,16,16,16,13,20
Taxon_3,13,14,0,10,20,20,17,24
Taxon_4,15,16,10,0,22,22,19,26
Taxon_5,15,16,20,22,0,3,6,13
Taxon_6,15,16,20,22,3,0,5,12
Taxon_7,12,13,17,19,6,5,0,7
Taxon_8,19,20,24,26,13,12,7,0
