{
  "distance_metric": "hamming",
  "labels": [
    "Taxon_1",
    "Taxon_2",
    "Taxon_3",
    "Taxon_4",
    "Taxon_5",
    "Taxon_6",
    "Taxon_7",
    "Taxon_8"
  ],
  "matrix": [
    [
      0,
      9,
      9,
      11,
      15,
      12,
      9,
      17
    ],
    [
      9,
      0,
      14,
      16,
      20,
      17,
      14,
      22
    ],
    [
      9,
      14,
      0,
      7,
      17,
      14,
      13,
      21
    ],
    [
      11,
      16,
      7,
      0,
      18,
      15,
      14,
      22
    ],
    [
      15,
      20,
      17,
      18,
      0,
      5,
      6,
      14
    ],
    [
      12,
      17,
      14,
      15,
      5,
      0,
      3,
      11
    ],
    [
      9,
      14,
      13,
      14,
      6,
      3,
      0,
      8
    ],
    [
      17,
      22,
      21,
      22,
      14,
      11,
      8,
      0
    ]
  ]
}
