{
  "distance_metric": "hky85",
  "labels": [
    "Taxon_1",
    "Taxon_2",
    "Taxon_3",
    "Taxon_4",
    "Taxon_5",
    "Taxon_6",
    "Taxon_7",
    "Taxon_8"
  ],
  "matrix": [
    [
      0.0,
      0.018247892883029686,
      0.018222747571244063,
      0.022346558922522776,
      0.030616712240156895,
      0.024392567123729614,
      0.01821963851223407,
      0.03481306150719371
    ],
    [
      0.018247892883029686,
      0.0,
      0.028572100019147485,
      0.03277393012726852,
      0.04112477833917762,
      0.03481306150719371,
      0.028553994873049302,
      0.045417494701993126
    ],
    [
      0.018222747571244063,
      0.028572100019147485,
      0.0,
      0.014154473630466168,
      0.03481296882539259,
      0.028553919862526776,
      0.026470576919836345,
      0.0432760556900187
    ],
    [
      0.022346558922522776,
      0.03277393012726852,
      0.014154473630466168,
      0.0,
      0.03692274476429906,
      0.03064604911333597,
      0.028553994873049302,
      0.045417494701993126
    ],
    [
      0.030616712240156895,
      0.04112477833917762,
      0.03481296882539259,
      0.03692274476429906,
      0.0,
      0.010072786974951845,
      0.012097088802052434,
      0.028553919862526776
    ],
    [
      0.024392567123729614,
      0.03481306150719371,
      0.028553919862526776,
      0.03064604911333597,
      0.010072786974951845,
      0.0,
      0.0060241444429179735,
      0.022346655578846967
    ],
    [
      0.01821963851223407,
      0.028553994873049302,
      0.026470576919836345,
      0.028553994873049302,
      0.012097088802052434,
      0.0060241444429179735,
      0.0,
      0.016190332811991587
    ],
    [
      0.03481306150719371,
      0.045417494701993126,
      0.0432760556900187,
      0.045417494701993126,
      0.028553919862526776,
      0.022346655578846967,
      0.016190332811991587,
      0.0
    ]
  ]
}
