{
  "distance_metric": "proportional",
  "labels": [
    "taxon_1",
    "taxon_2",
    "taxon_3",
    "taxon_4",
    "taxon_5",
    "taxon_6",
    "taxon_7",
    "taxon_8"
  ],
  "matrix": [
    [
      0.0,
      0.018,
      0.018,
      0.022,
      0.03,
      0.024,
      0.018,
      0.034
    ],
    [
      0.018,
      0.0,
      0.028,
      0.032,
      0.04,
      0.034,
      0.028,
      0.044
    ],
    [
      0.018,
      0.028,
      0.0,
      0.014,
      0.034,
      0.028,
      0.026,
      0.042
    ],
    [
      0.022,
      0.032,
      0.014,
      0.0,
      0.036,
      0.03,
      0.028,
      0.044
    ],
    [
      0.03,
      0.04,
      0.034,
      0.036,
      0.0,
      0.01,
      0.012,
      0.028
    ],
    [
      0.024,
      0.034,
      0.028,
      0.03,
      0.01,
      0.0,
      0.006,
      0.022
    ],
    [
      0.018,
      0.028,
      0.026,
      0.028,
      0.012,
      0.006,
      0.0,
      0.016
    ],
    [
      0.034,
      0.044,
      0.042,
      0.044,
      0.028,
      0.022,
      0.016,
      0.0
    ]
  ]
}
